[参数]
B1x=56.56850000000000000000
B1y=-56.56850000000000000000
B1z=0.00000000000000000000
B2x=20.70550000000000100000
B2y=77.27410000000000400000
B2z=0.00000000000000000000
B3x=-77.27410000000000400000
B3y=-20.70550000000000100000
B3z=0.00000000000000000000
P1x=56.56850000000000000000
P1y=-56.56850000000000000000
P1z=45.00000000000000000000
x0=56.56850000000000000000
y0=-56.56850000000000000000
H0=45.00000000000000000000
Angle=82.50000000000000000000
LIMIT=90.00000000000000000000
G1=0.00000000000000000000
G2=0.00000000000000000000
G11=0.25000000000000000000
G22=0.12059731991075788000
cf[0]=1.00000000000000000000
cf[1]=1.00000000000000000000
cf[2]=0.90020000000000000000
cf[3]=0.80000000000000004000
cf[4]=1.00000000000000000000
cf[5]=1.00000000000000000000
cf[6]=1.00000000000000000000
cf[7]=1.05000000000000000000
cf[12]=1.00000000000000000000
cf[13]=1.00000000000000000000
cf[14]=1.48500000000000000000
cf[15]=1.18000000000000000000
cf[8]=1.00000000000000000000
cf[9]=1.00000000000000000000
cf[10]=1.42500000000000000000
cf[11]=0.98599999999999999000
cf[32]=1.00000000000000000000
cf[33]=1.00000000000000000000
cf[34]=2.89500000000000000000
cf[35]=2.60199999999999990000
m_pingjing_cf[0]=1.00000000000000000000
m_pingjing_cf[1]=1.00000000000000000000
m_pingjing_cf[2]=1.00000000000000000000
m_pingjing_cf[3]=1.00000000000000000000
cf[16]=1.00000000000000000000
cf[17]=1.00000000000000000000
cf[18]=1.27500000000000000000
cf[19]=1.27000000000000000000
cf[20]=1.00000000000000000000
cf[21]=1.00000000000000000000
cf[22]=1.55500000000000000000
cf[23]=1.51400000000000000000
cf[24]=1.00000000000000000000
cf[25]=1.00000000000000000000
cf[26]=2.01000000000000000000
cf[27]=1.85000000000000000000
cf[28]=1.00000000000000000000
cf[29]=1.00000000000000000000
cf[30]=2.05000000000000000000
cf[31]=1.89175900000000000000
m_cursel=0
m_fQKxs=0.30
m_dPosition=2.50
m_dFastMoveDistance=0.000000
m_dTargetEccentricity=3.000000
m_intTimes=10
m_dDistance1=0.000000
m_dHTargetEccentricity=3.000000
m_dLTargetEccentricity=3.000000
m_dHeight=10.000000
m_dDistance=0.000000
m_dStdValue=7.930
[调整测量]
m_fG11cursel=2
m_PositionAway=2.000000
m_bPre=1
m_fG11cursel_YZD=0
m_PositionAway_YZD=1.000000
m_bPre_YZD=0
m_bBack0_YZD=1
m_high1_YZD=2.000000
m_num1_YZD=2
m_height[0]_YZD=0.000000
m_height[1]_YZD=2.000000
m_height[2]_YZD=8.000000
m_height[3]_YZD=12.000000
m_intSelect_YZD=0
m_height[4]_YZD=16.000000
m_height[5]_YZD=20.000000
m_height[6]_YZD=12.000000
m_cursel=2
m_dPosition=2.000
m_fG11cursel_YD=0
m_PositionAway_YD=0.000000
m_bPre_YD=1
m_dFastMoveDistance=0.000000
m_dTargetEccentricity=3.000000
m_intTimes=10
m_fG11cursel_ZXD=0
m_PositionAway_ZXD=0.000000
m_bPre_ZXD=0
m_bBack0_ZXD=0
m_high1_ZXD=20.000000
m_cursel_ZXD=1
m_fG11cursel_PXD=0
m_PositionAway_PXD=0.000000
m_bPre_PXD=0
m_bBack0_PXD=1
m_high1_PXD=10.000000
m_cursel_PXD=2
m_fG11cursel_TZD=0
m_PositionAway_TZD=2.000000
m_bPre_TZD=0
m_bBack0_TZD=1
m_intSelect_TZD=0
m_high1_TZD=20.000000
m_num1_TZD=2
m_height[0]_TZD=0.000000
m_height[1]_TZD=20.000000
m_fG11cursel_CZD=0
m_PositionAway_CZD=2.000000
m_bPre_CZD=0
m_bBack0_CZD=1
m_intSelect_CZD=0
m_high1_CZD=20.000000
m_num1_CZD=2
m_fG11cursel_PMD=0
m_PositionAway_PMD=5.000000
m_bPre_PMD=1
m_fG11cursel_pmPXD=0
m_PositionAway_pmPXD=3.000000
m_bPre_pmPXD=0
m_height[0]_CZD=0.000000
m_height[1]_CZD=5.000000
